2
2
3
3
4
5
5
6
6
7
7
8
8
9
9
10
10
11
11
12
12
13
14
14
15
15
16
16
17
17
18
18
19
19
20
20
21
21
22
23
23
24
24
25
25
26
26
27
27
28
28
29
30
30
31
31
32
32
33
33
34
34
35
99
35
36
245
186
37
37
38
39
39
40
40
41
41
42
43
43
44
44
45
45
46
46
47
47
48
49
49
50
50
51
51
52
52
53
53
54
54
55
56
56
57
57
58
58
59
60
60
61
61
62
62
63
63
64
64
65
65
1285
66
67
68
68
69
69
70
70
71
71
72
72
73
73
74
74
75
75
76
76
77
77
78
79
79
80
80
81
81
82
82
83
83
84
85
85
86
86
87
88
88
89
89
90
90
91
91
92
92
93
93
94
95
95
96
96
97
97
98
98
99
100
100
101
101
102
102
103
104
105
105
106
107
107
108
108
109
109
110
110
111
112
112
113
113
114
114
115
115
116
116
117
117
118
119
119
120
120
121
121
122
122
123
124
124
125
125
126
126
127
127
128
128
129
130
130
131
132
133
134
135
136
137
138
140
141
142
132
134
133
135
136
137
138
139
141
143
144
145
166
165
173
174
178
147
148
149
151
152
153
154
155
156
157
158
159
160
160
161
161
162
163
164
165
166
167
168
170
171
173
174
175
176
177
178
179
143
144
145
146
148
149
150
151
152
153
154
155
156
158
159
160
161
162
163
164
167
168
170
171
172
173
174
175
177
180
181
182
183
184
185
186
186
203
210
187
187
188
189
190
191
193
194
195
196
197
198
200
201
202
203
204
205
207
208
209
210
211
212
180
181
182
183
184
185
187
188
189
190
191
192
193
195
196
197
199
198
201
200
202
203
205
206
204
207
211
208
212
209
209
210
213
214
215
216
217
219
220
221
222
223
224
225
226
227
227
241
213
214
218
228
229
229
230
231
231
232
232
233
233
234
234
235
235
236
236
237
238
239
240
240
241
242
243
243
243
244
244
244
226
227
230
231
232
233
234
235
237
236
238
239
240
243
242
216
213
215
217
220
221
222
223
224
246
247
248
248
248
249
249
250
251
252
253
254
255
256
257
257
258
259
260
261
250
266
269
271
251
263
264
264
265
266
266
266
267
269
270
271
272
273
274
275
275
275
276
247
248
249
253
252
254
255
256
257
258
260
261
262
263
264
265
266
267
268
270
271
270
271
270
272
273
274
277
278
279
279
279
280
281
282
283
283
285
286
287
288
289
290
291
292
293
293
294
295
297
299
300
301
302
280
284
291
293
293
297
298
305
306
307
277
278
279
281
282
285
286
287
288
289
290
291
292
293
294
295
296
296
300
299
301
302
303
305
308
309
310
311
312
313
314
315
316
316
316
317
320
321
322
323
324
325
326
327
328
329
330
331
333
334
335
336
336
337
338
339
340
317
318
318
321
322
323
324
325
336
336
340
344
344
327
328
329
330
331
333
335
334
336
337
339
338
311
307
308
309
310
312
313
314
315
341
342
343
344
345
346
347
348
349
350
351
351
352
353
353
354
354
355
357
358
359
360
361
362
363
363
364
365
366
368
369
370
371
372
373
343
345
346
347
348
350
351
352
353
354
356
357
360
395
362
362
375
363
363
379
380
381
382
383
384
389
392
358
361
363
369
365
366
364
367
368
370
370
371
372
374
375
376
377
378
379
380
381
382
383
384
385
386
387
388
389
390
392
393
394
396
397
398
399
401
401
402
403
404
374
376
378
377
385
387
388
391
390
392
394
396
395
397
398
400
428
403
403
459
430
408
409
410
412
413
414
418
419
423
427
400
402
403
404
406
406
407
407
408
409
410
411
412
413
413
414
415
416
417
418
420
421
422
423
424
425
429
430
406
407
408
409
410
411
411
412
413
413
414
415
416
417
420
421
422
423
424
425
426
426
429
428
427
434
450
439
441
442
447
446
449
448
450
451
456
463
454
455
458
432
433
434
435
436
437
438
439
440
441
442
442
443
444
445
446
447
448
451
452
453
454
455
456
456
457
458
459
432
433
435
436
437
440
441
442
443
444
445
445
446
449
452
453
455
454
454
456
461
462
449
477
481
462
464
465
470
471
472
472
473
474
475
479
478
481
466
467
468
469
470
471
472
473
475
476
478
478
479
480
480
481
461
460
463
477
466
467
468
469
471
472
476
476
477
476
478
481
480
479
480
481
477
482
483
485
486
487
488
489
483
483
484
485
486
488
491
492
486
487
490
490
493
493
490
490
495
493
487
493
499
499
500
500
500
500
500
501
501
501
501
502
502
503
503
504
504
504
504
504
505
505
505
505
506
506
506
493
495
496
496
496
496
496
497
497
497
497
498
499
499
487
486
488
489
489
483
491
492
486
487
506
506
507
507
507
507
508
508
509
509
509
509
509
510
510
510
510
511
511
511
511
511
512
512
512
512
513
513
514
514
515
515
515
516
516
516
517
517
517
517
517
518
518
518
519
519
520
520
521
521
521
521
521
522
522
522
523
523
523
524
524
524
525
525
525
525
525
526
526
526
527
527
527
527
527
528
528
528
529
529
529
530
530
530
530
530
531
531
531
531
531
532
532
532
533
533
533
533
534
534
534
535
536
537
537
537
537
537
538
538
539
539
536
540
540
541
541
542
542
543
543
544
544
545
545
546
546
546
548
548
549
550
551
552
553
554
555
556
557
558
559
560
561
562
563
564
565
567
567
568
568
568
569
569
569
570
570
571
571
572
548
549
549
550
551
552
553
547
554
555
556
556
557
558
559
560
561
562
562
563
564
565
566
566
572
573
573
573
574
574
574
575
575
576
576
576
577
577
577
578
578
578
579
579
580
580
580
581
581
581
582
582
582
582
582
582
583
583
584
584
585
585
585
586
586
586
587
587
587
587
587
587
588
588
588
589
589
589
590
590
591
591
592
592
592
593
593
594
594
595
595
596
596
596
597
597
598
598
599
599
600
600
600
601
601
602
602
603
603
604
604
741
604
605
605
606
606
607
607
608
608
608
609
609
610
610
611
611
612
612
613
613
614
614
615
615
615
616
616
617
617
618
618
619
619
619
620
620
620
621
621
621
622
622
622
622
622
622
623
624
625
626
627
627
627
628
628
628
628
628
628
629
629
629
629
630
631
632
632
632
633
633
633
634
634
634
635
636
636
636
636
636
637
637
637
637
637
638
639
639
639
639
639
640
640
640
640
640
641
641
642
642
642
642
642
643
643
643
643
643
644
644
644
645
645
645
645
671
630
631
631
635
638
626
645
646
646
646
647
647
647
648
648
648
648
648
777
649
649
649
649
649
650
650
650
650
650
651
651
651
651
651
652
652
652
653
653
654
654
655
655
656
656
656
656
656
656
657
657
658
658
659
659
660
660
660
661
661
662
662
663
663
664
664
665
665
666
666
667
667
668
668
669
669
669
670
670
671
672
672
672
673
673
674
674
675
675
676
676
677
677
677
678
678
678
678
678
679
679
679
680
680
681
681
682
682
682
683
683
683
684
684
684
684
684
685
685
686
686
687
687
688
689
690
691
692
693
694
695
696
697
698
698
699
700
700
701
702
702
703
689
690
691
692
694
695
696
697
699
704
705
706
707
708
709
710
711
712
713
714
715
716
717
718
719
720
721
722
723
724
725
726
727
729
730
731
732
733
734
735
736
737
703
704
705
707
708
709
711
710
712
781
713
715
714
716
717
718
719
720
721
723
722
724
726
725
729
727
728
731
728
730
733
732
735
736
737
734
738
739
739
740
742
743
744
745
746
747
748
749
750
751
752
753
754
755
756
757
758
759
760
761
762
763
764
765
766
767
768
769
770
771
772
773
774
775
907
741
742
743
744
745
746
747
748
749
750
751
752
753
754
755
756
757
758
760
759
761
762
764
765
768
766
767
770
769
771
772
773
774
738
776
778
779
780
781
782
783
784
785
786
787
788
789
790
791
792
793
794
795
796
797
798
799
799
800
801
801
801
802
802
803
803
803
804
804
805
805
806
806
807
807
807
807
808
808
907
776
777
778
780
783
782
785
784
787
786
789
788
790
791
792
793
794
794
794
794
797
796
796
795
798
800
808
809
809
809
810
810
810
811
811
812
812
813
813
814
814
814
815
815
815
816
816
816
817
817
818
818
819
819
820
820
821
821
822
822
823
823
824
824
825
825
825
825
826
826
826
827
827
827
828
828
828
829
829
829
830
830
831
831
832
832
833
833
834
834
835
835
836
836
837
837
838
838
839
839
840
840
840
841
841
841
842
842
843
843
844
844
845
845
846
846
847
847
848
848
849
849
850
850
851
851
852
852
853
853
854
854
855
855
856
856
857
857
858
858
859
859
860
860
861
861
862
862
863
863
864
864
865
865
866
866
867
867
868
868
869
933
869
870
870
871
871
872
872
873
873
874
874
875
875
876
876
877
877
878
878
879
879
880
880
881
881
882
882
883
883
884
884
885
885
886
886
887
887
888
888
889
889
890
890
891
891
892
892
893
893
894
894
895
895
896
896
897
897
898
898
899
899
900
900
901
901
902
902
903
903
904
904
905
905
906
906
908
908
909
909
910
910
911
911
912
912
913
913
914
914
915
915
916
916
917
917
918
918
919
919
920
920
921
921
922
922
923
923
924
924
925
925
926
926
927
927
928
928
929
929
930
930
931
931
932
932
933
934
934
935
935
936
936
937
937
938
938
939
939
940
940
941
941
942
942
943
943
944
944
945
945
946
946
947
947
948
948
949
949
950
950
951
951
952
952
953
953
954
954
955
955
956
956
957
957
958
958
959
959
960
960
961
961
962
962
963
963
964
964
965
965
966
966
967
967
968
968
969
969
970
970
971
971
972
972
973
973
974
974
975
975
976
976
977
977
978
978
979
979
980
980
981
981
982
982
983
983
984
984
985
985
986
986
987
987
988
988
989
989
990
990
991
991
992
992
993
993
994
994
995
995
996
996
997
997
998
998
999
999
1000
1000
1001
1001
1002
1002
1003
1003
1004
1004
1005
1005
1006
1006
1007
1007
1008
1008
1009
1009
1009
1010
1010
1011
1011
1012
1012
1013
1013
1014
1014
1015
1015
1016
1016
1017
1017
1018
1018
1019
1019
1020
1020
1021
1056
1021
1022
1022
1023
1023
1024
1024
1025
1025
1026
1026
1027
1027
1028
1028
1029
1029
1030
1030
1031
1031
1032
1032
1033
1033
1034
1034
1035
1035
1036
1036
1037
1037
1038
1038
1039
1039
1040
1040
1041
1041
1042
1042
1043
1043
1044
1044
1045
1045
1046
1046
1047
1047
1048
1049
1050
1051
1051
1052
1052
1053
1053
1054
1054
1055
1055
1056
1048
1049
1050
1057
1058
1059
1060
1061
1062
1062
1063
1063
1064
1064
1065
1065
1066
1066
1067
1067
1068
1069
1070
1070
1070
1070
1071
1072
1072
1072
1073
1073
1073
1073
1074
1074
1075
1075
1075
1075
1076
1076
1076
1076
1077
1077
1077
1078
1078
1078
1079
1079
1079
1080
1080
1081
1081
1146
1082
1072
1071
1057
1058
1059
1060
1061
1068
1069
1083
1083
1084
1085
1085
1085
1086
1087
1087
1088
1089
1089
1089
1090
1091
1091
1092
1092
1093
1093
1093
1094
1094
1095
1095
1096
1096
1097
1097
1098
1099
1099
1100
1100
1101
1102
1102
1103
1103
1104
1104
1105
1105
1106
1107
1107
1108
1109
1110
1088
1090
1086
1084
1109
1098
1086
1101
1106
1108
1110
1111
1112
1112
1113
1113
1114
1114
1115
1115
1116
1116
1117
1117
1118
1118
1119
1119
1120
1120
1121
1121
1122
1122
1123
1123
1124
1124
1125
1125
1126
1126
1127
1127
1128
1128
1129
1129
1130
1130
1131
1131
1132
1132
1133
1133
1134
1134
1135
1136
1136
1137
1137
1138
1138
1139
1139
1140
1140
1141
1141
1142
1142
1143
1143
1144
1144
1145
1145
1146
1147
1147
1147
1148
1148
1148
1148
1149
1149
1149
1154
1155
1155
1156
1156
1157
1157
1158
1159
1159
1160
1160
1161
1161
1162
1162
1163
1164
1164
1165
1165
1166
1166
1167
1167
1168
1168
1169
1169
1170
1170
1171
1171
1171
1172
1172
1173
1173
1173
1173
1174
1174
1174
1175
1175
1176
1158
1154
1163
1163
1176
1177
1177
1178
1178
450
1179
1179
1180
1181
1111
1184
1184
131
535
142
269
225
393
316
229
319
179
241
245
246
1080
1080
1181
1181
1181
165
166
1082
1082
179
218
338
250
331
178
250
262
263
330
329
328
327
332
333
198
200
208
214
340
341
342
344
1187
1090
1187
365
1188
1188
1180
366
1188
1188
382
298
381
367
368
371
373
373
377
379
383
380
384
389
1163
298
310
1189
1189
1189
1189
1191
1191
1191
1190
1190
1190
395
396
276
276
276
280
280
284
284
288
296
297
1192
1194
1192
1192
297
1192
405
405
1193
1193
1193
1194
1194
1194
1195
1195
1195
1195
409
415
416
417
418
418
418
1154
419
419
427
431
431
431
434
439
446
448
451
451
458
458
1197
1197
428
428
431
447
447
447
453
1196
1196
1196
1197
1197
1198
1198
1199
1199
1200
1200
1201
1201
1202
1202
1203
1203
1204
1204
1205
1205
1206
1206
1207
1207
1208
1208
459
473
460
1209
1210
1210
1209
1209
462
462
463
464
465
1211
465
1211
1212
1212
469
688
470
1213
1213
1213
693
474
474
1214
475
475
1193
1214
1215
1214
1215
1215
1215
1154
1217
1217
1216
1216
1216
1009
1048
1049
1050
1057
1058
1059
1060
1061
1068
1069
701
1218
1218
1218
706
1219
1219
1219
1220
1220
1220
1221
1221
1221
1222
1222
1222
1223
1223
1224
1234
1224
1225
1225
1225
1226
1226
1227
1227
1228
1228
1229
1229
1230
1230
1231
1231
1232
1232
1233
1233
1235
1234
1235
1236
1236
1237
1237
1238
1238
1285
1239
1239
1240
1240
1241
1241
1242
1242
1243
1243
1244
1244
1245
1245
1246
1246
1247
1247
1248
1248
1249
1249
1250
1250
1251
1251
1252
1252
1253
1253
1254
1254
1255
1255
1256
1256
199
547
551
251
1257
1257
484
484
485
485
482
482
1180
1180
1258
1258
1258
623
624
483
623
1259
1259
1259
553
547
554
566
624
630
1260
1260
1260
1261
1261
1261
1262
1262
1279
1262
1263
1263
1263
635
638
552
557
561
1265
1265
1266
1266
1267
1267
1268
1268
1269
1269
1270
1270
1271
1271
1272
1272
1273
1273
1274
1274
1275
1275
1276
1276
1277
1278
1279
1278
1279
1280
1280
1278
1278
1280
1280
1281
1281
1281
1281
1282
1282
1285
625
1283
1283
1283
1284
1284
1284
1284
1286
1286
1286
1286
1287
1287
1288
1288
1293
1293
1295
1298
1299
1312
1312
1313
779
779
786
1298
1298
1299
1299
740
1301
1305
1305
1306
1306
766
767
1309
1309
1310
1310
1314
1314
1315
1315
1316
1316
1295
1301
1285
1289
1289
1290
1290
1291
1291
1292
1292
1294
1294
1296
1297
728
1313
737
1300
1302
1318
1304
1304
1304
780
780
1297
1297
763
769
1307
1307
1308
1308
775
1311
782
784
788
790
1311
1311
1312
1313
792
1135
730
738
738
734
1277
1277
1295
1296
1296
1300
1300
1301
1302
1302
795
795
795
1158
1
1257
1318
1318
1318
1257
625
626
626
626
495
495
1
4
7
13
22
29
29
36
38
42
48
55
59
66
67
78
84
87
94
103
104
106
111
118
123
129
139
140
146
150
169
172
147
157
169
176
187
192
206
186
194
204
218
228
230
228
244
219
249
258
262
268
249
259
275
284
298
303
304
283
306
304
319
332
320
326
332
334
356
367
349
355
359
362
364
391
400
386
399
401
405
414
419
426
431
438
457
460
464
465
474
482
484
490
491
492
498
